scn_mbs_osi_runID_004_00157_Int-400_Exp-10800_08Oct16_21:15_to_09Oct16_00:19.fits
Ext BITPIX Dimens.   Nulls    Min    Max     Mean    Sigma  Noise2  Noise3  Noise5  Nbits   MaxR
0  -32 (4112,4220)     0   -600 10000000000 747681.3  8.6e+07    49.2    49.9    51.1   7.4   4.32
1  -32 (4112,4220)     0   -585 10000000000 2942836.1  1.7e+08    52.5    53.4    54.8   7.5   4.26
2  -32 (4112,4220)     0   -519 10000000000 1212320.5  1.1e+08    47.4    48.0    49.1   7.4   4.35
3  -32 (4112,4220)     0   -588 10000000000 1174234.3  1.1e+08    45.9    46.5    47.7   7.3   4.38
4  -32 (4112,4220)     0   -454 10000000000 3976755.5  2.0e+08    41.1    41.7    42.7   7.2   4.47
5  -32 (4112,4220)     0   -426 10000000000 1085065.8  1.0e+08    34.8    35.0    35.5   6.9   4.63
6  -32 (4112,4220)     0   -546 10000000000 3488336.7  1.9e+08    49.3    50.0    51.3   7.4   4.32
7  -32 (4112,4220)     0   -495 10000000000 3540697.4  1.9e+08    51.5    52.2    53.4   7.5   4.28
8  -32 (4112,4220)     0   -468 10000000000 7186766.9  2.7e+08    44.1    44.6    45.5   7.3   4.41
9  -32 (4112,4220)     0   -497 10000000000 960688.8  9.8e+07    47.2    47.8    48.8   7.4   4.35
10  -32 (4112,4220)     0   -448 10000000000 5549042.8  2.4e+08    52.3    53.1    54.5   7.5   4.27
11  -32 (4112,4220)     0   -509 10000000000 1559161.6  1.2e+08    52.2    53.0    54.3   7.5   4.27
12  -32 (4112,4220)     0   -443 10000000000 2790557.6  1.7e+08    48.5    49.2    50.4   7.4   4.33
13  -32 (4112,4220)     0   -862 10000000000 2359278.9  1.5e+08    52.7    53.4    54.7   7.5   4.26


scn_mbs_osi_runID_004_00158_Int-400_Exp-10800_09Oct16_00:34_to_09Oct16_03:38.fits
Ext BITPIX Dimens.   Nulls    Min    Max     Mean    Sigma  Noise2  Noise3  Noise5  Nbits   MaxR
0  -32 (4112,4220)     0  -4754 10000000000 726908.4  8.5e+07    51.9    52.6    53.9   7.5   4.27
1  -32 (4112,4220)     0 -21421 10000000000 2364665.4  1.5e+08    56.5    57.5    59.1   7.6   4.20
2  -32 (4112,4220)     0 -19482 10000000000 984525.4  9.9e+07    47.5    48.1    49.3   7.4   4.35
3  -32 (4112,4220)     0 -10277 10000000000 927998.6  9.6e+07    47.2    47.8    49.0   7.4   4.35
4  -32 (4112,4220)     0 -11862 10000000000 3089224.2  1.8e+08    41.2    41.7    42.7   7.2   4.47
5  -32 (4112,4220)     0 -20603 10000000000 869741.1  9.3e+07    36.3    36.4    37.0   7.0   4.59
6  -32 (4112,4220)     0 -19863 10000000000 2813787.8  1.7e+08    51.9    52.6    54.0   7.5   4.27
7  -32 (4112,4220)     0 -24633 10000000000 2816775.3  1.7e+08    54.6    55.3    56.6   7.6   4.23
8  -32 (4112,4220)     0 -22164 10000000000 5556819.0  2.4e+08    45.0    45.5    46.5   7.3   4.39
9  -32 (4112,4220)     0 -17467 10000000000 829255.8  9.1e+07    48.1    48.7    49.7   7.4   4.34
10  -32 (4112,4220)     0 -26430 10000000000 4427739.8  2.1e+08    55.6    56.5    58.0   7.6   4.22
11  -32 (4112,4220)     0 -20001 10000000000 1273660.5  1.1e+08    55.4    56.2    57.6   7.6   4.22
12  -32 (4112,4220)     0 -16082 10000000000 2295064.1  1.5e+08    50.3    51.0    52.2   7.4   4.30
13  -32 (4112,4220)     0 -12217 10000000000 1914353.7  1.4e+08    56.3    57.1    58.6   7.6   4.21

scn_mbs_osi_runID_004_00159_Int-400_Exp-10800_09Oct16_03:54_to_09Oct16_06:57.fits
Ext BITPIX Dimens.   Nulls    Min    Max     Mean    Sigma  Noise2  Noise3  Noise5  Nbits   MaxR
0  -32 (4112,4220)     0  -4696 10000000000 554448.0  7.4e+07    55.8    56.5    57.6   7.6   4.21
1  -32 (4112,4220)     0 -20848 10000000000 1832895.4  1.4e+08    61.3    62.2    63.4   7.7   4.14
2  -32 (4112,4220)     0 -19418 10000000000 795389.3  8.9e+07    48.6    49.1    50.2   7.4   4.33
3  -32 (4112,4220)     0 -10000 10000000000 825129.6  9.1e+07    49.7    50.3    51.5   7.4   4.31
4  -32 (4112,4220)     0 -11711 10000000000 2324831.2  1.5e+08    41.8    42.3    43.2   7.2   4.46
5  -32 (4112,4220)     0 -19930 10000000000 721050.1  8.5e+07    38.2    38.4    38.9   7.0   4.54
6  -32 (4112,4220)     0 -25366 10000000000 2199328.0  1.5e+08    55.7    56.4    57.7   7.6   4.21
7  -32 (4112,4220)     0 -24543 10000000000 2187442.4  1.5e+08    58.6    59.3    60.5   7.7   4.17
8  -32 (4112,4220)     0 -18990 10000000000 4289751.6  2.1e+08    46.7    47.2    48.1   7.3   4.36
9  -32 (4112,4220)     0 -17316 10000000000 634181.8  8.0e+07    50.6    51.2    52.2   7.5   4.29
10  -32 (4112,4220)     0 -26272 10000000000 3339746.5  1.8e+08    60.0    60.8    62.2   7.7   4.16
11  -32 (4112,4220)     0 -19901 10000000000 1221957.4  1.1e+08    59.6    60.4    61.6   7.7   4.16
12  -32 (4112,4220)     0 -15987 10000000000 1926875.2  1.4e+08    53.1    53.7    54.8   7.5   4.25
13  -32 (4112,4220)     0 -11950 10000000000 1677631.6  1.3e+08    60.8    61.6    62.7   7.7   4.15

scn_mbs_osi_runID_004_00160_Int-400_Exp-10800_09Oct16_07:13_to_09Oct16_10:17.fits
Ext BITPIX Dimens.   Nulls    Min    Max     Mean    Sigma  Noise2  Noise3  Noise5  Nbits   MaxR
0  -32 (4112,4220)     0  -4544 10000000000 437897.7  6.6e+07    56.2    57.0    57.8   7.6   4.21
1  -32 (4112,4220)     0 -20337 10000000000 1358819.2  1.2e+08    60.9    61.9    63.1   7.7   4.14
2  -32 (4112,4220)     0 -15552 10000000000 609240.7  7.8e+07    49.5    50.2    51.0   7.4   4.31
3  -32 (4112,4220)     0  -9876 10000000000 631850.3  7.9e+07    51.5    52.3    53.2   7.5   4.28
4  -32 (4112,4220)     0 -11546 10000000000 1697271.6  1.3e+08    42.4    43.0    43.7   7.2   4.45
5  -32 (4112,4220)     0 -19606 10000000000 561066.2  7.5e+07    39.0    39.4    39.9   7.1   4.52
6  -32 (4112,4220)     0 -25380 10000000000 1572364.3  1.3e+08    56.2    57.2    58.1   7.6   4.21
7  -32 (4112,4220)     0 -24263 10000000000 1647931.4  1.3e+08    58.8    59.9    60.9   7.7   4.17
8  -32 (4112,4220)     0 -22091 10000000000 3116690.4  1.8e+08    47.8    48.5    49.2   7.4   4.34
9  -32 (4112,4220)     0 -17151 10000000000 622938.3  7.9e+07    52.2    53.0    53.8   7.5   4.27
10  -32 (4112,4220)     0 -26223 10000000000 2425464.7  1.6e+08    60.2    61.3    62.5   7.7   4.15
11  -32 (4112,4220)     0 -19833 10000000000 1003687.1  1.0e+08    60.0    61.0    62.0   7.7   4.16
12  -32 (4112,4220)     0 -15819 10000000000 1370711.4  1.2e+08    54.5    55.4    56.3   7.6   4.23
13  -32 (4112,4220)     0 -11847 10000000000 1382033.9  1.2e+08    61.3    62.3    63.4   7.7   4.14

scn_mbs_osi_runID_004_00161_Int-400_Exp-10800_09Oct16_10:32_to_09Oct16_13:36.fits
Ext BITPIX Dimens.   Nulls    Min    Max     Mean    Sigma  Noise2  Noise3  Noise5  Nbits   MaxR
0  -32 (4112,4220)     0  -4379 10000000000 393334.8  6.3e+07    52.1    53.0    55.1   7.5   4.27
1  -32 (4112,4220)     0 -19785 10000000000 1051321.0  1.0e+08    57.7    59.0    61.8   7.6   4.19
2  -32 (4112,4220)     0 -19216 10000000000 506960.3  7.1e+07    46.2    47.1    48.3   7.3   4.37
3  -32 (4112,4220)     0  -9967 10000000000 753841.7  8.7e+07    48.0    48.9    50.2   7.4   4.34
4  -32 (4112,4220)     0 -11252 10000000000 1293377.8  1.1e+08    39.6    40.3    41.3   7.1   4.51
5  -32 (4112,4220)     0 -18927 10000000000 500409.7  7.1e+07    36.9    37.4    38.1   7.0   4.57
6  -32 (4112,4220)     0 -25009 10000000000 1528991.5  1.2e+08    52.0    53.1    55.2   7.5   4.27
7  -32 (4112,4220)     0 -24273 10000000000 1636686.3  1.3e+08    54.9    56.0    58.4   7.6   4.23
8  -32 (4112,4220)     0 -21981 10000000000 2292809.5  1.5e+08    44.9    45.8    46.9   7.3   4.39
9  -32 (4112,4220)     0 -16928 10000000000 698521.7  8.4e+07    48.6    49.4    50.7   7.4   4.33
10  -32 (4112,4220)     0 -25826 10000000000 1976972.2  1.4e+08    56.2    57.4    59.9   7.6   4.21
11  -32 (4112,4220)     0 -19710 10000000000 874055.1  9.3e+07    55.8    56.9    59.2   7.6   4.21
12  -32 (4112,4220)     0 -15724 10000000000 1173252.7  1.1e+08    50.9    51.8    53.4   7.5   4.29
13  -32 (4112,4220)     0 -11763 10000000000 1198260.8  1.1e+08    56.7    57.7    60.1   7.6   4.20


scn_mbs_osi_runID_004_00162_Int-400_Exp-10800_09Oct16_13:51_to_09Oct16_16:55.fits
Ext BITPIX Dimens.   Nulls    Min    Max     Mean    Sigma  Noise2  Noise3  Noise5  Nbits   MaxR
0  -32 (4112,4220)     0  -4439 10000000000 591461.7  7.7e+07    52.9    54.4    56.9   7.5   4.26
1  -32 (4112,4220)     0 -19225 10000000000 845524.3  9.2e+07    60.1    62.1    65.1   7.7   4.16
2  -32 (4112,4220)     0 -19217 10000000000 396931.7  6.3e+07    43.1    43.7    45.7   7.2   4.43
3  -32 (4112,4220)     0  -8570 10000000000 410024.7  6.4e+07    44.8    45.5    47.6   7.3   4.40
4  -32 (4112,4220)     0 -11145 10000000000 897208.0  9.5e+07    36.7    37.2    38.8   7.0   4.58
5  -32 (4112,4220)     0 -18331 10000000000 329098.4  5.7e+07    35.1    35.4    36.6   6.9   4.62
6  -32 (4112,4220)     0 -25018 10000000000 956150.3  9.8e+07    51.1    52.3    55.0   7.5   4.28
7  -32 (4112,4220)     0 -24308 10000000000 1056095.9  1.0e+08    55.5    56.6    59.4   7.6   4.22
8  -32 (4112,4220)     0 -22002 10000000000 1572431.9  1.3e+08    42.1    42.6    44.4   7.2   4.45
9  -32 (4112,4220)     0 -16970 10000000000 460003.7  6.8e+07    45.9    46.5    48.6   7.3   4.38
10  -32 (4112,4220)     0 -26077 10000000000 1306564.2  1.1e+08    56.4    57.8    60.7   7.6   4.20
11  -32 (4112,4220)     0 -19633 10000000000 732500.4  8.6e+07    56.7    58.1    60.8   7.6   4.20
12  -32 (4112,4220)     0 -15650 10000000000 859773.4  9.3e+07    48.3    49.1    51.4   7.4   4.33
13  -32 (4112,4220)     0 -11574 10000000000 848499.1  9.2e+07    57.4    58.9    61.8   7.6   4.19

scn_mbs_osi_runID_004_00163_Int-400_Exp-10800_09Oct16_17:11_to_09Oct16_20:14.fits
Ext BITPIX Dimens.   Nulls    Min    Max     Mean    Sigma  Noise2  Noise3  Noise5  Nbits   MaxR
0  -32 (4112,4220)     0  -4356 10000000000 330924.5  5.8e+07    58.0    59.9    62.0   7.7   4.18
1  -32 (4112,4220)     0 -18814 10000000000 578447.3  7.6e+07    67.5    70.1    72.4   7.9   4.07
2  -32 (4112,4220)     0 -19004 10000000000 332115.8  5.8e+07    45.5    46.3    48.2   7.3   4.38
3  -32 (4112,4220)     0 -10097 10000000000 305938.8  5.5e+07    47.5    48.5    50.3   7.4   4.35
4  -32 (4112,4220)     0 -11191 10000000000 553381.0  7.4e+07    37.8    38.3    39.8   7.0   4.55
5  -32 (4112,4220)     0 -17710 10000000000 232146.2  4.8e+07    36.4    36.7    37.8   7.0   4.59
6  -32 (4112,4220)     0 -25015 10000000000 735472.7  8.6e+07    56.7    58.5    60.7   7.6   4.20
7  -32 (4112,4220)     0 -24163 10000000000 703355.5  8.4e+07    62.1    63.6    65.7   7.7   4.13
8  -32 (4112,4220)     0 -22049 10000000000 1013256.3  1.0e+08    43.5    44.1    45.8   7.2   4.42
9  -32 (4112,4220)     0 -16920 10000000000 407075.6  6.4e+07    48.4    49.3    51.2   7.4   4.33
10  -32 (4112,4220)     0 -25979 10000000000 930032.1  9.6e+07    63.4    65.4    67.8   7.8   4.11
11  -32 (4112,4220)     0 -19648 10000000000 552871.6  7.4e+07    63.6    65.5    67.7   7.8   4.11
12  -32 (4112,4220)     0 -15646 10000000000 675390.0  8.2e+07    52.3    53.3    55.4   7.5   4.27
13  -32 (4112,4220)     0 -11182 10000000000 755132.6  8.7e+07    65.1    67.1    69.3   7.8   4.09


scn_mbs_osi_runID_004_00164_Int-400_Exp-10800_09Oct16_20:30_to_09Oct16_23:34.fits
Ext BITPIX Dimens.   Nulls    Min    Max     Mean    Sigma  Noise2  Noise3  Noise5  Nbits   MaxR
0  -32 (4112,4220)     0  -4340 10000000000 335109.1  5.8e+07    63.8    65.8    67.5   7.8   4.11
1  -32 (4112,4220)     0 -16000 10000000000 842003.1  9.2e+07    74.8    77.5    79.3   8.0   3.99
2  -32 (4112,4220)     0 -19066 10000000000 307146.2  5.5e+07    50.0    51.1    52.4   7.4   4.30
3  -32 (4112,4220)     0 -10143 10000000000 317861.4  5.6e+07    52.6    53.9    55.3   7.5   4.26
4  -32 (4112,4220)     0 -11204 10000000000 533770.7  7.3e+07    41.1    41.9    43.0   7.2   4.47
5  -32 (4112,4220)     0 -16688 10000000000 228597.2  4.8e+07    39.2    39.7    40.5   7.1   4.52
6  -32 (4112,4220)     0 -25080 10000000000 638529.5  8.0e+07    62.8    64.6    66.3   7.8   4.12
7  -32 (4112,4220)     0 -24103 10000000000 715877.0  8.5e+07    68.2    69.9    71.8   7.9   4.06
8  -32 (4112,4220)     0 -21898 10000000000 1003764.8  1.0e+08    47.4    48.3    49.5   7.4   4.35
9  -32 (4112,4220)     0 -16803 10000000000 458853.6  6.8e+07    53.6    54.8    56.1   7.5   4.25
10  -32 (4112,4220)     0 -25790 10000000000 1010964.4  1.0e+08    70.7    72.8    74.7   7.9   4.03
11  -32 (4112,4220)     0 -19444 10000000000 568373.5  7.5e+07    70.9    73.0    74.8   7.9   4.03
12  -32 (4112,4220)     0 -15381 10000000000 734303.8  8.6e+07    57.5    58.8    60.3   7.6   4.19
13  -32 (4112,4220)     0  -7879 10000000000 668310.0  8.2e+07    73.3    75.5    77.3   8.0   4.01


scn_mbs_osi_runID_004_00165_Int-400_Exp-10800_09Oct16_23:49_to_10Oct16_02:53.fits
Ext BITPIX Dimens.   Nulls    Min    Max     Mean    Sigma  Noise2  Noise3  Noise5  Nbits   MaxR
0  -32 (4112,4220)     0  -4273 10000000000 369040.5  6.1e+07    68.5    70.4    71.8   7.9   4.06
1  -32 (4112,4220)     0 -18446 10000000000 799792.6  8.9e+07    79.8    82.5    84.1   8.1   3.95
2  -32 (4112,4220)     0 -19004 10000000000 446364.4  6.7e+07    53.5    54.7    55.8   7.5   4.25
3  -32 (4112,4220)     0 -10059 10000000000 470166.2  6.9e+07    56.3    57.7    59.0   7.6   4.21
4  -32 (4112,4220)     0 -10980 10000000000 573638.8  7.6e+07    43.8    44.7    45.6   7.2   4.42
5  -32 (4112,4220)     0 -16285 10000000000 239314.5  4.9e+07    41.5    42.1    42.6   7.2   4.47
6  -32 (4112,4220)     0 -24647 10000000000 706363.5  8.4e+07    67.0    68.9    70.4   7.9   4.07
7  -32 (4112,4220)     0 -23839 10000000000 737311.6  8.6e+07    72.0    74.0    75.7   8.0   4.02
8  -32 (4112,4220)     0 -21862 10000000000 1135244.3  1.1e+08    50.4    51.4    52.4   7.4   4.30
9  -32 (4112,4220)     0 -16566 10000000000 452921.3  6.7e+07    57.3    58.5    59.7   7.6   4.19
10  -32 (4112,4220)     0 -25855 10000000000 984808.1  9.9e+07    75.3    77.4    79.2   8.0   3.99
11  -32 (4112,4220)     0 -19470 10000000000 733168.6  8.6e+07    75.6    77.7    79.3   8.0   3.98
12  -32 (4112,4220)     0 -15535 10000000000 858653.5  9.3e+07    61.5    62.9    64.3   7.7   4.14
13  -32 (4112,4220)     0 -11004 10000000000 869998.6  9.3e+07    79.9    82.0    83.4   8.1   3.94

scn_mbs_osi_runID_004_00166_Int-400_Exp-10800_10Oct16_03:09_to_10Oct16_06:13.fits
Ext BITPIX Dimens.   Nulls    Min    Max     Mean    Sigma  Noise2  Noise3  Noise5  Nbits   MaxR
0  -32 (4112,4220)     0  -4269 10000000000 235794.7  4.9e+07    71.4    73.2    74.3   8.0   4.02
1  -32 (4112,4220)     0 -18425 10000000000 620142.2  7.9e+07    82.1    84.4    85.7   8.2   3.93
2  -32 (4112,4220)     0 -18910 10000000000 411873.1  6.4e+07    56.0    57.2    58.2   7.6   4.21
3  -32 (4112,4220)     0  -9920 10000000000 325628.1  5.7e+07    59.1    60.4    61.7   7.7   4.17
4  -32 (4112,4220)     0 -10962 10000000000 477276.6  6.9e+07    45.5    46.4    47.2   7.3   4.38
5  -32 (4112,4220)     0 -15678 10000000000 236946.1  4.9e+07    43.2    43.8    44.2   7.2   4.43
6  -32 (4112,4220)     0 -24787 10000000000 712916.5  8.4e+07    69.9    71.6    73.0   7.9   4.04
7  -32 (4112,4220)     0 -23950 10000000000 709950.5  8.4e+07    75.5    77.3    78.6   8.0   3.98
8  -32 (4112,4220)     0 -21980 10000000000 1044836.7  1.0e+08    52.7    53.8    54.6   7.5   4.26
9  -32 (4112,4220)     0 -16798 10000000000 395829.6  6.3e+07    60.1    61.4    62.5   7.7   4.15
10  -32 (4112,4220)     0 -25780 10000000000 949121.0  9.7e+07    78.3    80.3    81.7   8.1   3.96
11  -32 (4112,4220)     0 -19431 10000000000 626106.1  7.9e+07    78.8    80.8    82.1   8.1   3.95
12  -32 (4112,4220)     0 -15541 10000000000 675437.9  8.2e+07    64.0    65.5    66.8   7.8   4.11
13  -32 (4112,4220)     0 -11039 10000000000 676687.3  8.2e+07    84.7    86.7    87.8   8.2   3.90


scn_mbs_osi_runID_004_00167_Int-400_Exp-10800_10Oct16_06:28_to_10Oct16_09:32.fits
Ext BITPIX Dimens.   Nulls    Min    Max     Mean    Sigma  Noise2  Noise3  Noise5  Nbits   MaxR
0  -32 (4112,4220)     0  -4282 10000000000 665916.9  8.2e+07    74.3    76.1    77.1   8.0   4.00
1  -32 (4112,4220)     0 -18607 10000000000 712960.0  8.4e+07    84.8    87.0    88.3   8.2   3.90
2  -32 (4112,4220)     0 -19018 10000000000 376786.8  6.1e+07    57.7    59.0    60.2   7.6   4.19
3  -32 (4112,4220)     0  -9971 10000000000 367866.5  6.1e+07    60.5    61.7    63.0   7.7   4.15
4  -32 (4112,4220)     0 -10879 10000000000 458243.9  6.8e+07    46.7    47.6    48.3   7.3   4.36
5  -32 (4112,4220)     0 -15235 10000000000 245869.0  5.0e+07    44.2    44.8    45.2   7.3   4.41
6  -32 (4112,4220)     0 -24853 10000000000 676045.8  8.2e+07    72.2    74.0    75.4   8.0   4.02
7  -32 (4112,4220)     0 -24096 10000000000 849171.5  9.2e+07    77.3    79.3    80.8   8.1   3.97
8  -32 (4112,4220)     0 -22043 10000000000 1450549.5  1.2e+08    54.1    55.1    56.0   7.6   4.24
9  -32 (4112,4220)     0 -16667 10000000000 406538.1  6.4e+07    61.7    62.9    63.9   7.7   4.13
10  -32 (4112,4220)     0 -25826 10000000000 1332237.5  1.2e+08    80.7    82.6    84.1   8.1   3.94
11  -32 (4112,4220)     0 -19361 10000000000 665369.6  8.2e+07    80.8    82.6    83.9   8.1   3.94
12  -32 (4112,4220)     0 -15324 10000000000 715898.2  8.5e+07    65.9    67.3    68.5   7.8   4.08
13  -32 (4112,4220)     0 -11061 10000000000 905130.5  9.5e+07    87.5    89.4    90.5   8.2   3.88

scn_mbs_osi_runID_004_00168_Int-400_Exp-10800_10Oct16_09:47_to_10Oct16_12:51.fits
Ext BITPIX Dimens.   Nulls    Min    Max     Mean    Sigma  Noise2  Noise3  Noise5  Nbits   MaxR
0  -32 (4112,4220)     0  -4379 10000000000 300652.4  5.5e+07    74.8    76.5    77.4   8.0   3.99
1  -32 (4112,4220)     0 -18431 10000000000 643947.9  8.0e+07    85.1    87.0    88.2   8.2   3.90
2  -32 (4112,4220)     0 -18948 10000000000 342282.9  5.8e+07    58.5    59.7    60.7   7.7   4.18
3  -32 (4112,4220)     0  -9963 10000000000 407726.7  6.4e+07    61.5    62.8    64.0   7.7   4.14
4  -32 (4112,4220)     0 -11038 10000000000 464195.3  6.8e+07    47.3    48.2    48.8   7.4   4.35
5  -32 (4112,4220)     0 -14771 10000000000 220887.2  4.7e+07    44.8    45.4    45.7   7.3   4.40
6  -32 (4112,4220)     0 -24889 10000000000 722449.8  8.5e+07    73.0    74.6    76.0   8.0   4.01
7  -32 (4112,4220)     0 -23885 10000000000 750423.7  8.7e+07    78.3    80.2    81.6   8.1   3.96
8  -32 (4112,4220)     0 -21972 10000000000 1165004.9  1.1e+08    54.6    55.6    56.4   7.6   4.23
9  -32 (4112,4220)     0 -16776 10000000000 385723.0  6.2e+07    62.6    63.7    64.8   7.8   4.12
10  -32 (4112,4220)     0 -25559 10000000000 1385190.3  1.2e+08    81.7    83.5    84.9   8.1   3.93
11  -32 (4112,4220)     0 -19330 10000000000 563652.7  7.5e+07    81.8    83.7    84.8   8.1   3.93
12  -32 (4112,4220)     0 -15422 10000000000 710550.8  8.4e+07    67.1    68.5    69.8   7.9   4.07
13  -32 (4112,4220)     0 -10937 10000000000 660649.4  8.1e+07    89.7    91.4    92.5   8.3   3.86


scn_mbs_osi_runID_004_00169_Int-400_Exp-10800_10Oct16_13:07_to_10Oct16_16:11.fits
Ext BITPIX Dimens.   Nulls    Min    Max     Mean    Sigma  Noise2  Noise3  Noise5  Nbits   MaxR
0  -32 (4112,4220)     0  -4262 10000000000 300061.8  5.5e+07    75.1    76.7    77.6   8.0   3.99
1  -32 (4112,4220)     0 -18275 10000000000 685596.0  8.3e+07    85.3    87.3    88.5   8.2   3.90
2  -32 (4112,4220)     0 -18954 10000000000 371434.3  6.1e+07    58.4    59.6    60.7   7.7   4.18
3  -32 (4112,4220)     0  -9862 10000000000 394049.8  6.3e+07    61.5    62.8    64.0   7.7   4.14
4  -32 (4112,4220)     0 -10887 10000000000 588529.6  7.7e+07    47.4    48.2    49.0   7.4   4.35
5  -32 (4112,4220)     0 -14876 10000000000 367235.0  6.1e+07    44.9    45.5    45.9   7.3   4.39
6  -32 (4112,4220)     0 -24770 10000000000 935418.2  9.7e+07    72.9    74.5    75.8   8.0   4.01
7  -32 (4112,4220)     0 -24085 10000000000 770056.9  8.8e+07    78.2    80.1    81.6   8.1   3.96
8  -32 (4112,4220)     0 -20606 10000000000 1538602.5  1.2e+08    54.7    55.8    56.6   7.6   4.23
9  -32 (4112,4220)     0 -16499 10000000000 527900.1  7.3e+07    62.4    63.7    64.7   7.8   4.13
10  -32 (4112,4220)     0 -25543 10000000000 1058006.4  1.0e+08    81.6    83.6    84.9   8.1   3.93
11  -32 (4112,4220)     0 -19506 10000000000 1245985.1  1.1e+08    82.0    83.8    85.1   8.2   3.93
12  -32 (4112,4220)     0 -15523 10000000000 728397.5  8.5e+07    66.8    68.2    69.4   7.9   4.07
13  -32 (4112,4220)     0 -11090 10000000000 692183.7  8.3e+07    90.5    92.1    93.2   8.3   3.86


